res_orig
0.3521305865304643
0.3618436872607558
0.33198179598579297
0.3466451606862097
0.3551507253837811
0.3470525152885557
0.3400950079961689
0.362415830758456
0.35657973420815087
0.3567386452795578
