res_orig
0.35029875056789805
0.3342271908013832
0.34638255964324166
0.33696100056668854
0.3509638723904824
0.35408313048879253
0.3545182142089804
0.3509100043967048
0.3619543075733655
0.34208501114024775
