res_orig
0.34591116999764565
0.3489363752639841
0.35266377703908836
0.34897575019836574
0.34983495190964814
0.3510761433944416
0.35007201316607084
0.33708205433967126
0.35830234648953224
0.31254324300415187
