res_orig
0.35241976566479877
0.3475292919001528
0.3464085583290881
0.34416709118695876
0.35415180845644423
0.34966887417218545
0.3464085583290881
0.3560876209882832
0.34589913397860417
0.34926133469179826
