res_orig
0.3562913907284768
0.35618950585838005
0.3515028018339277
0.3607743250127356
0.3512990320937341
0.36036678553234847
0.3522159959246052
0.36546102903718797
0.3613856342333164
0.3532348446255731
