res_orig
0.3509898121946285
0.34254383863478804
0.35075880001636034
0.3512199284708651
0.34650459054919214
0.3275309653384463
0.3507497373260852
0.3543535310750247
0.34622099455509825
0.35342858559489604
